172.22.67.219	255.255.255.240
IP:		10101100.00010110.01000011.11011011
MASK:	11111111.11111111.11111111.11110000
CIDR:	/28

NETW:	10101100.00010110.01000011.11010000
HOST:	00000000.00000000.00000000.00001011

NETW:	172.22.67.208
HOST:	0.0.0.11

RANGE:	0000 - 1111
		172.22.67.208 - 172.22.67.223
USABLE:	172.22.67.209 - 172.22.67.222
