        192.168.37.250	255.255.255.224
IP:     11000000.10101000.00100101.11111010
MASK:   11111111.11111111.11111111.11100000
CIDR:   /27

NETW:   11000000.10101000.00100101.11100000
HOST:   00000000.00000000.00000000.00011010

NETW:   192.168.37.224
HOST:   0.0.0.26

RANGE:  00000 - 11111
        192.168.37.224 - 192.168.37.255
USABLE: 192.168.37.225 - 192.168.37.254
