203.0.113.175   255.255.255.248
IP:     11001011.00000000.01110001.10101111
MASK:   11111111.11111111.11111111.11111000
CIDR:   /29

NETW:   11001011.00000000.01110001.10101000
HOST:   00000000.00000000.00000000.00000111

NETW:   203.0.113.168
HOST:   0.0.0.7

RANGE:  203.0.113.168 - 203.0.113.177

USABLE: 203.0.113.169 - 203.0.113.176
