192.168.150.57 255.255.255.224
IP:     11000000.10101000.10010110.00111001
MASK:   11111111.11111111.11111111.11100000
CIDR:   /27

NETW:   11000000.10101000.10010110.00100000
HOST:   00000000.00000000.00000000.00011001

NETW:   192.168.150.32
HOST:   0.0.0.25

RANGE:  192.168.150.32 - 192.168.150.63

USABLE: 192.168.150.33 - 192.168.150.62
