192.168.10.120  255.255.252.0
IP:     11000000.10101000.00001010.01111000
MASK:   11111111.11111111.11111100.00000000
CIDR:   /22

NETW:   11000000.10101000.00001000.00000000
HOST:   00000000.00000000.00000010.01111000

NETW:   192.168.8.0
HOST:   0.0.2.120

RANGE:  192.168.8.0 - 192.168.11.255

USABLE: 192.168.8.1 - 192.168.11.254
