10.50.200.135   255.255.248.0
IP:     00001010.00110010.11001000.10000111
MASK:   11111111.11111111.11111000.00000000
CIDR:   /21

NETW:   00001010.00110010.11001000.00000000
HOST:   00000000.00000000.00000000.10000111

NETW:   10.50.200.0
HOST:   0.0.0.135

RANGE:  10.50.200.0 - 10.50.207.255

USABLE: 10.50.200.1 - 10.50.207.254
