IP:	01101000.11000110.11110001.01111101
MASK:	11111111.11111111.11111111.10000000
CIDR:	/25

NETW:	01101000.11000110.11110001.00000000
HOST:	00000000.00000000.00000000.01111101

NETW:	104.198.241.0
HOST:	0.0.0.125

RANGE:	0000000 - 1111111
	104.198.241.0 - 104.198.241.127
USABLE:	104.198.241.1 - 104.198.241.126
