104.198.144.125    255.255.255.128
IP:     01101000.11000110.10010000.01111101
MASK:   11111111.11111111.11111111.10000000
CIDR:   /25

NETW:   01101000.11000110.10010000.00000000
HOST:   00000000.00000000.00000000.01111101

NETW:   192.168.144.0
HOST:   0.0.0.125

RANGE:  192.168.144.0 - 192.168.1.127

USABLE: 192.168.144.1 - 192.168.1.126
